834.242 3628.88
834.52 3561.15
838.404 3559.59
838.63 3557.73
839.016 3554.13
847.29 3457.03
848.825 3447.2
849.104 3379.47
861.739 3377.16
832.706 3638.71
833.312 3639.57
834.704 3579.09
835.126 3563.91
839.01 3562.35
839.236 3560.49
839.622 3556.89
844.52 3554.64
847.896 3457.88
849.287 3397.41
849.71 3382.22
850.512 3380.58
854.608 3379.98
862.345 3379.92
867.243 3377.68
833.312 3752.42
834.242 3741.74
834.52 3674
835.124 3579.12
836.479 3564.38
840.363 3562.82
840.975 3557.36
848.698 3458.14
849.668 3451.87
849.708 3397.44
851.063 3382.7
856.016 3381.1
863.698 3380.39
833.396 3754.1
834.594 3690.55
835.21 3676.53
835.271 3642.8
836.369 3623.65
836.663 3582.33
838.587 3577.54
838.813 3575.68
839.199 3572.07
840.383 3567.41
840.969 3565.58
842.681 3564.89
842.907 3563.02
843.908 3560.11
848.951 3524.58
849.249 3460.26
849.304 3459
850.233 3448.31
850.695 3398.53
851.118 3383.34
855.214 3382.74
866.016 3382.45
869.201 3380.91
836.201 3632.11
846.479 3557.88
833.451 3770.66
834.002 3754.95
834.704 3691.95
836.072 3687.97
836.594 3667.62
837.202 3631.69
837.796 3595.52
839.008 3577.57
839.733 3576.39
842.341 3570.64
843.287 3567.65
844.514 3562.87
849.557 3525.44
850.486 3514.75
850.657 3461.37
851.116 3398.55
851.668 3385.46
852.471 3383.81
856.566 3383.21
875.771 3381.4
850.765 3447.02
864.303 3383.15
838.275 3585.65
850.359 3525.69
844.19 3576.13
835.124 3691.98
845.867 3563.34
844.802 3570.66
834.804 4098.12
837.979 3613.47
850.784 3450.43
837.169 3679.76
838.402 3598.28
853.381 3384.76
838.408 3590.05
837.808 3632.55
837.2 3668.47
839.507 3578.26
844.695 4037.4
846.292 3775.54
846.781 3712.57
847.279 3710.81
847.709 3708.86
848.216 3613.67
849.983 3587.66
851.336 3587.28
854.881 3584.57
846.158 3951.08
869.278 3506.08
880.195 3414.76
846.158 4111.72
846.673 3884.58
848.315 3711.62
849.402 3631.61
851.356 3595.41
855.487 3588.18
875.139 3520.67
882.29 3514.13
884.326 3441.52
898.9 3432.75
899.096 3424.94
903.994 3421.85
875.725 3516.15
847.22 3771.66
886.082 3436.96
846.158 4288.25
846.673 4045.22
848.244 3786.89
848.76 3720.39
849.668 3712.1
851.36 3634.84
852.213 3602.43
852.389 3595.85
857.446 3591.41
881.228 3516.67
884.932 3445.13
899.486 3428.24
901.055 3428.18
901.198 3426.69
904.6 3425.46
894.271 3444.13
849.877 3681.22
851.063 3699.16
846.292 4289.24
846.673 4221.75
847.279 4047.97
848.244 3963.42
848.76 3896.92
848.976 3733.21
849.366 3723.14
849.688 3716.68
853.017 3662.96
853.315 3598.64
856.86 3595.93
859.343 3594.79
859.764 3593.47
859.931 3591.62
888.603 3446.81
900.859 3435.99
903.373 3430.24
906.702 3427.2
853.18 3648.11
881.267 3539.67
886.89 3448.36
883.225 3542.9
888.342 3466.01
887.34 3521.19
846.857 4239.69
847.279 4224.5
847.819 4179.27
848.117 4114.95
848.335 4112.77
848.378 3964.41
848.943 3914.86
848.976 3909.74
849.173 3783.18
849.364 3738.36
850.292 3734.66
850.294 3719.44
853.021 3713.69
853.678 3636.9
853.999 3619.39
854.585 3614.87
855.633 3600.71
858.054 3599.14
859.949 3598.41
860.537 3595.24
861.89 3594.85
890.112 3458.05
903.177 3438.05
904.404 3433.27
907.475 3428.97
852.592 3716.92
855.816 3613.34
861.302 3598.02
849.306 3784.17
854.107 3626.41
864.142 3596.84
838.093 3624.92
838.608 3558.42
845.306 3557.55
845.57 3541.79
856.861 3525.86
896.728 3521.29
899.013 3430.69
838.093 3802.07
838.227 3625.91
838.792 3576.37
839.214 3561.18
846.175 3544.55
857.467 3529.47
858.82 3529.09
898.686 3524.52
900.971 3433.92
845.753 3559.74
845.912 3560.31
838.227 3803.06
838.608 3735.57
839.196 3643.58
839.212 3576.39
840.383 3567.41
840.567 3561.65
847.528 3545.02
857.964 3544.52
859.426 3532.7
861.138 3531.15
863.558 3529.58
902.331 3509.02
902.529 3437.55
903.289 3435.99
847.265 3560.78
838.792 3753.52
839.214 3738.33
839.259 3669.84
839.329 3644.57
839.711 3577.08
840.609 3565.55
841.173 3564.41
842.885 3563.71
848.134 3547.78
849.846 3547.09
861.158 3542.52
861.744 3534.76
862.806 3531.75
903.135 3441.16
839.196 3795.28
839.393 3670.83
839.774 3603.34
839.895 3595.03
840.317 3579.84
840.989 3570.17
841.215 3568.31
843.491 3566.47
849.583 3562.84
851.226 3554.91
853.289 3547.82
859.923 3547.75
861.764 3546.14
862.647 3542.39
863.411 3535.37
864.164 3533.2
865.517 3532.82
903.802 3528.99
904.106 3457.94
906.806 3442.85
847.278 3563.21
847.87 3563.54
839.259 3846.99
839.711 3728.77
839.867 3633.91
839.958 3621.29
840.38 3606.1
840.566 3585.36
840.792 3583.49
841.67 3580.31
842.341 3570.64
846.434 3568.09
851.356 3558.33
851.831 3557.67
855.247 3551.06
858.57 3548.13
863.117 3545.75
864.266 3543.22
864.764 3534.98
867.835 3534.88
904.29 3512.25
904.712 3461.55
906.06 3461.27
906.064 3461.17
907.412 3446.46
842.567 3568.78
903.343 3535.52
844.549 3577.17
844.886 3570.84
848.631 3563.69
853.184 3558.14
904.898 3497.46
842.317 3586.97
844.453 3586.79
847.088 3508.3
847.423 3507.39
847.61 3497.03
848.112 3477.7
849.378 3471.19
861.129 3461.1
861.651 3449.82
862.153 3430.49
863.418 3423.99
894.588 3394.33
847.088 3621.16
847.61 3609.89
847.694 3512.09
848.216 3500.81
848.718 3481.31
849.983 3474.8
851.336 3474.42
854.881 3471.71
861.735 3464.88
861.933 3450.96
862.759 3434.1
864.024 3427.6
865.377 3427.22
868.922 3424.5
895.194 3397.95
896.547 3397.57
900.092 3394.85
847.088 4010.48
847.694 3624.94
848.112 3590.55
848.166 3519.85
849.047 3511.53
849.569 3500.26
850.071 3480.93
851.942 3478.03
853.654 3476.48
855.487 3475.32
862.036 3474.07
862.257 3453.61
863.198 3444.45
864.112 3433.72
865.983 3430.83
867.695 3429.28
869.528 3428.12
870.881 3427.73
896.921 3421.39
897.034 3419.33
897.153 3401.18
898.865 3399.63
900.698 3398.47
902.051 3398.08
848.112 3670.87
848.112 3651.66
848.216 3613.67
848.718 3594.17
848.749 3575.86
849.653 3515.32
850.677 3484.54
852.389 3482.99
853.616 3478.21
859.158 3477
862.539 3454.57
863.804 3448.06
864.718 3437.33
866.43 3435.79
867.657 3431.01
897.231 3418.31
898.105 3401.19
904.369 3400.15
848.112 3783.73
848.718 3655.28
849.047 3624.39
849.355 3579.64
849.773 3545.25
851.039 3538.74
851.085 3497.23
851.607 3485.96
854.222 3481.83
854.26 3480.1
857.446 3478.55
863.088 3464.33
863.891 3454.19
865.126 3450.03
865.157 3447.68
865.648 3438.75
868.263 3434.62
868.301 3432.89
871.487 3431.35
897.527 3425.01
897.64 3422.94
897.837 3421.92
898.711 3404.81
899.471 3403.24
902.657 3401.7
852.995 3486.6
863.389 3473.52
864.796 3454.47
902.599 3415.31
859.764 3480.62
816.032 3477.91
816.96 3469.93
882.936 3440.09
816.032 3671.09
816.032 3539.02
816.96 3531.04
884.079 3453.74
884.344 3441.6
888.439 3440.61
817.99 3470.21
817.99 3481.15
818.919 3473.16
822.464 3470.45
816.032 3943.16
817.339 3667.26
884.78 3450.89
884.894 3443.32
820.309 3472.27
818.01 3557.71
818.01 3485.67
820.309 3483.21
820.914 3477.65
821.237 3475.23
816.032 3954.09
816.637 3944.02
886.038 3456.97
886.189 3452.4
886.302 3444.83
890.398 3443.84
818.01 3496.6
819.603 3493.91
819.969 3488.9
820.914 3488.59
821.535 3478.43
826.741 3475.74
816.032 4004.27
816.637 3954.95
816.96 3946.11
886.644 3460.58
886.739 3454.12
890.284 3451.41
818.268 3659.28
818.675 3501.89
819.969 3499.83
821.562 3497.14
828.991 3478.82
822.464 3481.02
816.032 4015.2
816.637 4005.12
817.566 3946.97
817.99 3946.39
886.794 3456.02
888.147 3455.63
891.692 3452.92
822.224 3496.04
818.919 3534.27
820.633 3505.12
821.296 3504.02
823.494 3481.66
834.495 3479.34
816.637 4016.06
816.96 4007.22
817.99 3957.32
818.596 3947.25
889.057 3456.19
892.243 3454.64
886.987 3465.57
887.345 3457.74
819.969 3560.94
820.653 3520.58
823.274 3511.77
823.514 3497.12
824.443 3489.14
830.95 3482.06
888.753 3459.25
816.637 4137.19
817.566 4008.08
817.99 4007.5
818.596 3958.18
818.919 3949.34
887.423 3474.87
887.537 3467.3
891.542 3457.49
901.596 3457.26
820.309 3948.45
821.535 3943.68
823.274 3522.71
832.407 3492.56
833.268 3484.12
888.384 3480.52
888.832 3476.38
892.849 3458.25
907.1 3457.78
818.675 3967.13
819.525 3950.2
830.761 3497.29
902.696 3458.18
889.382 3478.1
898.383 3462.71
838.486 3490.18
850.091 3601.92
873.821 3455.27
880.195 3414.76
859.455 3514.64
850.091 3778.45
850.697 3605.53
852.05 3605.15
871.158 3596.44
874.427 3458.89
875.78 3458.5
880.296 3420.42
880.801 3418.38
881.603 3415.87
884.416 3415.2
851.752 3669.47
852.656 3608.76
854.368 3607.21
875.435 3601.73
875.482 3522.83
876.464 3514.39
878.098 3460.57
880.902 3424.04
881.704 3421.53
882.154 3417.99
885.824 3416.31
850.697 3782.06
852.358 3673.08
852.734 3661.03
854.388 3616.14
866.436 3614.95
876.088 3526.44
878.423 3517.62
878.704 3464.18
882.209 3419.49
883.562 3419.1
885.158 3418.65
886.374 3418.43
853.289 3846.1
853.34 3664.65
859.455 3616.88
878.125 3581.94
878.281 3530.46
880.741 3519.68
881.856 3482.32
882.255 3423.65
882.76 3421.61
884.405 3420.82
884.472 3420.06
886.43 3419.93
886.566 3419.76
887.782 3419.54
854.994 3619.75
855.878 3618.45
856.347 3619.37
853.289 3998.22
854.388 3792.67
854.395 3728.59
856.049 3683.69
880.195 3591.29
881.957 3487.98
883.663 3424.77
885.078 3423.67
885.813 3421.93
885.88 3421.17
888.693 3420.5
882.31 3425.15
857.031 3675.26
858.665 3621.43
860.061 3620.49
861.414 3620.11
882.462 3485.93
882.838 3473.88
882.86 3427.27
853.289 4174.75
854.994 3796.28
880.296 3596.95
880.801 3594.91
881.603 3592.4
884.573 3425.72
887.117 3421.88
890.101 3421.61
858.692 3742.81
859.717 3640.44
861.183 3622.62
863.732 3622.17
882.563 3491.59
882.939 3479.54
883.444 3477.49
884.102 3458.34
884.494 3436.33
855.247 4001.45
885.179 3429.33
880.902 3600.57
889.435 3423.94
856.861 3872.97
859.075 3862.63
885.1 3439.94
862.02 3623.72
859.723 3640.75
859.455 3793.41
831.54 3528.1
847.088 3508.3
847.61 3497.03
848.112 3477.7
849.378 3471.19
861.129 3461.1
861.651 3449.82
862.153 3430.49
863.418 3423.99
876.132 3419.45
880.011 3416.25
844.5 3620.66
847.088 3569.41
847.61 3558.14
847.694 3512.09
848.216 3500.81
848.718 3481.31
849.983 3474.8
851.336 3474.42
854.881 3471.71
861.43 3470.29
861.735 3464.88
861.933 3450.96
862.759 3434.1
864.024 3427.6
865.377 3427.22
868.922 3424.5
881.636 3419.96
881.969 3419.48
885.514 3416.76
878.091 3422.68
847.088 3682.27
847.088 3621.16
847.61 3609.89
847.694 3573.2
848.112 3538.8
848.166 3519.85
849.047 3511.53
849.569 3500.26
850.071 3480.93
851.942 3478.03
853.654 3476.48
855.487 3475.32
856.075 3474.92
862.091 3466.65
862.257 3453.61
863.198 3444.45
864.112 3433.72
865.983 3430.83
867.695 3429.28
869.528 3428.12
870.116 3427.71
880.409 3424.74
883.594 3423.19
884.288 3421.54
887.473 3420
847.088 3756.77
847.694 3686.05
847.694 3624.94
848.112 3590.55
848.216 3561.92
848.718 3542.42
849.378 3532.3
849.653 3515.32
850.091 3489.06
850.677 3484.54
851.356 3482.55
853.616 3478.21
855.322 3477.09
856.84 3474.94
862.539 3454.57
863.609 3453.05
863.804 3448.06
864.132 3441.85
864.718 3437.33
865.397 3435.35
867.657 3431.01
869.363 3429.88
870.881 3427.73
885.913 3425.26
889.791 3422.06
865.648 3438.75
851.085 3497.23
868.301 3432.89
868.263 3434.62
865.157 3447.68
858.147 3475.14
852.389 3482.99
850.755 3501.67
870.722 3431.33
849.653 3576.43
850.066 3531.36
863.088 3464.33
864.215 3456.84
865.126 3450.03
850.175 3504.04
849.731 3532.28
848.718 3594.17
856.681 3478.53
851.607 3485.96
846.516 3872.31
849.067 3633.23
849.402 3631.61
849.589 3621.96
850.091 3601.92
851.356 3595.41
880.195 3414.76
879.171 3446.07
849.067 3809.76
849.402 3808.14
849.589 3771.02
850.007 3635.22
850.697 3605.53
851.962 3599.02
853.315 3598.64
856.86 3595.93
880.195 3591.29
880.296 3420.42
880.801 3418.38
881.603 3415.87
884.416 3415.2
849.067 3958.83
849.589 3947.55
849.589 3798.49
850.091 3778.45
850.145 3644.07
851.026 3636.46
851.36 3634.84
851.547 3625.19
852.05 3605.15
853.921 3602.25
855.633 3600.71
858.054 3599.14
880.801 3594.91
880.832 3513.63
881.856 3482.32
882.154 3417.99
849.067 4022.55
849.402 3999.56
850.007 3811.75
850.697 3782.06
850.728 3700.79
851.063 3699.16
851.25 3689.51
851.752 3669.47
851.966 3638.45
852.153 3628.97
852.656 3608.76
854.368 3607.21
856.239 3604.32
857.301 3601.31
861.137 3601.22
882.209 3419.49
883.562 3419.1
885.158 3418.65
887.658 3418.51
881.438 3517.41
881.603 3592.4
849.067 4199.08
851.356 3782.6
851.356 3771.94
851.668 3702.77
852.103 3647.3
853.344 3638.53
853.678 3636.9
853.866 3627.25
854.388 3616.14
854.974 3610.82
857.907 3604.92
858.66 3602.75
882.538 3450.42
884.405 3420.82
884.472 3420.06
886.566 3419.76
850.728 3849.85
882.76 3421.61
853.083 3657.02
855.878 3618.45
862.331 3604.43
857.143 3611.95
854.994 3619.75
884.326 3441.52
883.361 3457.71
885.011 3424.43
859.182 3605.09
854.284 3640.51
885.078 3423.67
883.264 3483.43
851.026 4025.78
882.209 3596.02
859.259 3604.54
854.472 3631.04
852.358 3673.08
851.806 3711.62
853.017 3662.96
857.917 3611.59
851.36 4002.79
883.448 3451.37
885.88 3421.17
885.813 3421.93
789.168 3740.56
789.168 3541.36
793.67 3415.65
798.875 3412.97
875.771 3381.4
789.168 3547.39
793.445 3546.66
793.896 3512.62
795.331 3483.21
796.069 3460.1
797.947 3420.95
877.179 3382.51
789.168 3795.65
790.476 3730.71
790.829 3614.94
790.829 3608.91
793.445 3546.66
793.896 3518.64
796.069 3466.13
798.028 3463.33
799.456 3432.19
807.04 3427.18
880.048 3386.69
813.018 3426.26
789.168 3801.67
789.774 3801.2
790.476 3797.84
790.476 3736.73
790.829 3614.94
790.829 3608.91
793.445 3552.68
794.672 3541.88
796.259 3475.22
799.658 3466.83
800.346 3465.4
801.573 3460.62
803.942 3456.8
877.432 3448.95
877.432 3448.95
880.048 3386.69
789.168 3873.54
789.774 3807.22
790.476 3791.82
790.829 3670.02
793.445 3613.79
793.445 3552.68
794.672 3547.9
795.331 3544.32
796.259 3475.22
799.658 3472.85
800.346 3465.4
818.349 3460.58
878.038 3452.57
878.84 3450.06
880.654 3390.31
881.456 3387.8
885.552 3387.21
880.048 3447.8
789.774 3879.09
790.829 3676.05
793.383 3674.11
793.445 3607.76
794.676 3568.39
794.954 3557.9
796.259 3536.33
797.73 3527.66
798.173 3517.91
798.92 3488.92
800.346 3471.42
801.573 3466.64
805.85 3465.91
879.446 3453.68
881.456 3387.8
885.552 3387.21
879.391 3463.49
794.598 3600.85
790.829 3941.1
793.472 3674.06
794.418 3614.97
794.676 3574.41
794.954 3563.92
796.573 3558.72
797.73 3533.68
797.73 3527.66
798.173 3517.91
801.577 3487.13
801.855 3476.64
803.935 3472.12
805.162 3467.35
833.142 3466.6
881.456 3448.91
881.558 3397.93
885.005 3392.19
885.737 3392.14
886.96 3388.32
791.435 3681.6
796.865 3541.88
881.766 3417.26
793.119 3795.85
801.319 3534.38
855.25 3995.35
859.931 3666.65
860.336 3646.95
861.075 3555.05
861.59 3488.55
862.291 3486.7
862.395 3443.28
855.766 3674.23
855.25 3740.73
855.25 3748.24
855.729 3745.55
855.25 4002.87
855.766 3681.74
857.174 3675.74
859.931 3674.16
860.064 3666.66
860.663 3650.51
861.075 3562.57
861.208 3556.04
861.59 3496.07
862.112 3493.3
862.196 3491.31
862.395 3450.8
862.917 3448.03
863.001 3446.04
863.804 3444.79
867.899 3443.8
856.287 3678.97
860.336 3654.46
855.25 3861.26
855.729 3753.06
855.949 3692.18
856.287 3686.49
856.893 3681.73
860.064 3674.17
860.663 3658.02
861.208 3563.55
861.48 3559.19
861.773 3506.5
862.112 3500.81
862.196 3498.82
862.291 3494.21
862.579 3461.23
862.917 3455.54
863.001 3453.56
863.523 3450.79
864.325 3449.54
864.409 3447.55
868.505 3446.56
869.307 3445.31
879.425 3444.12
856.372 3684.5
855.25 3868.77
855.766 3794.76
856.471 3696.92
856.893 3689.25
857.174 3683.25
861.215 3677.29
861.269 3654.18
861.48 3566.7
861.553 3559.87
861.773 3514.01
861.88 3509.78
862.194 3506.53
862.474 3504.64
862.579 3468.75
863.1 3465.98
863.523 3458.3
863.804 3452.31
864.876 3451.26
869.829 3450.05
880.03 3446.88
880.833 3445.63
855.384 3862.25
855.25 4209.32
855.766 3802.27
856.287 3799.5
856.372 3797.52
857.174 3796.27
857.199 3791.79
861.075 3689.15
861.269 3661.69
861.744 3648.45
861.776 3553.2
861.88 3517.3
862.014 3510.77
862.813 3491.44
863.1 3473.49
864.325 3457.05
857.357 3693.69
864.931 3452.29
863.604 3492.82
855.949 3820.22
855.949 4056.64
861.075 3696.66
856.893 3802.26
861.776 3560.71
862.014 3518.29
862.474 3512.16
857.332 3800.29
