834.242 3628.88 
834.52 3561.15 
838.404 3559.59 
838.63 3557.73 
839.016 3554.13 
847.29 3457.03 
848.825 3447.2 
849.104 3379.47 
861.739 3377.16 
832.706 3638.71 
833.312 3639.57 
834.704 3579.09 
835.126 3563.91 
839.01 3562.35 
839.236 3560.49 
839.622 3556.89 
844.52 3554.64 
847.896 3457.88 
849.287 3397.41 
849.71 3382.22 
850.512 3380.58 
854.608 3379.98 
862.345 3379.92 
867.243 3377.68 
833.312 3752.42 
834.242 3741.74 
834.52 3674 
835.124 3579.12 
836.479 3564.38 
840.363 3562.82 
840.975 3557.36 
848.698 3458.14 
849.668 3451.87 
849.708 3397.44 
851.063 3382.7 
856.016 3381.1 
863.698 3380.39 
833.396 3754.1 
834.594 3690.55 
835.21 3676.53 
835.271 3642.8 
836.369 3623.65 
836.663 3582.33 
838.587 3577.54 
838.813 3575.68 
839.199 3572.07 
840.383 3567.41 
840.969 3565.58 
842.681 3564.89 
842.907 3563.02 
843.908 3560.11 
848.951 3524.58 
849.249 3460.26 
849.304 3459 
850.233 3448.31 
850.695 3398.53 
851.118 3383.34 
855.214 3382.74 
866.016 3382.45 
869.201 3380.91 
836.201 3632.11 
846.479 3557.88 
833.451 3770.66 
834.002 3754.95 
834.704 3691.95 
836.072 3687.97 
836.594 3667.62 
837.202 3631.69 
837.796 3595.52 
839.008 3577.57 
839.733 3576.39 
842.341 3570.64 
843.287 3567.65 
844.514 3562.87 
849.557 3525.44 
850.486 3514.75 
850.657 3461.37 
851.116 3398.55 
851.668 3385.46 
852.471 3383.81 
856.566 3383.21 
875.771 3381.4 
850.765 3447.02 
864.303 3383.15 
838.275 3585.65 
850.359 3525.69 
844.19 3576.13 
835.124 3691.98 
845.867 3563.34 
844.802 3570.66 
834.804 4098.12 
837.979 3613.47 
850.784 3450.43 
837.169 3679.76 
838.402 3598.28 
853.381 3384.76 
838.408 3590.05 
837.808 3632.55 
837.2 3668.47 
839.507 3578.26 

